1783976785849 0.6931846737861633 0
1783976785859 0.6931509375572205 1
1783976785869 0.6930766105651855 2
1783976785878 0.6930617690086365 3
1783976785888 0.6930325627326965 4
1783976785897 0.6930404305458069 5
1783976785907 0.6928927302360535 6
1783976785917 0.692661702632904 7
1783976785926 0.6926463842391968 8
1783976785937 0.6925817131996155 9
1783976785947 0.6925120949745178 10
1783976785956 0.6923184990882874 11
1783976785962 0.6916484832763672 12
1783976785972 0.6921443939208984 13
1783976785981 0.6913452744483948 14
1783976785989 0.6917591094970703 15
1783976785999 0.6906414031982422 16
1783976786008 0.6907498240470886 17
1783976786019 0.6897507309913635 18
1783976786030 0.6899404525756836 19
1783976786041 0.6885209083557129 20
1783976786052 0.6875635981559753 21
1783976786064 0.6889046430587769 22
1783976786078 0.6872113943099976 23
1783976786089 0.6856799721717834 24
1783976786102 0.6861876845359802 25
1783976786114 0.6836501359939575 26
1783976786126 0.6869471669197083 27
1783976786136 0.6851412057876587 28
1783976786148 0.6824334859848022 29
1783976786157 0.6827616095542908 30
1783976786167 0.6815500855445862 31
1783976786178 0.6772652864456177 32
1783976786188 0.6772890090942383 33
1783976786198 0.6788786053657532 34
1783976786209 0.6788564324378967 35
1783976786219 0.677650511264801 36
1783976786227 0.6677688956260681 37
1783976786237 0.6724278330802917 38
1783976786248 0.6696738004684448 39
1783976786257 0.6668691039085388 40
1783976786266 0.6656327247619629 41
1783976786276 0.6667076945304871 42
1783976786286 0.6705489158630371 43
1783976786298 0.6645569205284119 44
1783976786307 0.6679914593696594 45
1783976786317 0.6610593795776367 46
1783976786326 0.6660462617874146 47
1783976786336 0.6580162048339844 48
1783976786345 0.6501110196113586 49
1783976786354 0.6557580232620239 50
1783976786364 0.6500101685523987 51
1783976786372 0.6291722655296326 52
1783976786382 0.6538951992988586 53
1783976786389 0.6566242575645447 54
1783976786400 0.6265659928321838 55
1783976786408 0.648443877696991 56
1783976786416 0.6385728716850281 57
1783976786423 0.6331885457038879 58
1783976786431 0.628147542476654 59
1783976786439 0.6299134492874146 60
1783976786447 0.6253312826156616 61
1783976786456 0.6357951760292053 62
1783976786463 0.6256662607192993 63
1783976786473 0.642440140247345 64
1783976786480 0.6173729300498962 65
1783976786489 0.636326789855957 66
1783976786499 0.6127068400382996 67
1783976786509 0.6209172010421753 68
1783976786518 0.6083737015724182 69
1783976786526 0.6348605751991272 70
1783976786536 0.6228713393211365 71
1783976786544 0.6076973676681519 72
1783976786554 0.6361552476882935 73
1783976786564 0.6332854628562927 74
1783976786573 0.5842307806015015 75
1783976786588 0.6095758080482483 76
1783976786600 0.5853292346000671 77
1783976786611 0.5995694994926453 78
1783976786621 0.6031466722488403 79
1783976786632 0.6000255942344666 80
1783976786638 0.6131728291511536 81
1783976786647 0.590952455997467 82
1783976786655 0.6065340638160706 83
1783976786663 0.6046796441078186 84
1783976786672 0.6107341647148132 85
1783976786680 0.5943750143051147 86
1783976786688 0.574183464050293 87
1783976786697 0.5880126953125 88
1783976786707 0.595335066318512 89
1783976786717 0.5946721434593201 90
1783976786724 0.6069833040237427 91
1783976786733 0.5901414752006531 92
1783976786742 0.5995593667030334 93
1783976786753 0.5829596519470215 94
1783976786761 0.5857886672019958 95
1783976786770 0.5938677787780762 96
1783976786779 0.5842365622520447 97
1783976786789 0.5632355809211731 98
1783976786801 0.5597842931747437 99
1783976786811 0.5797297358512878 100
1783976786819 0.5701692700386047 101
1783976786827 0.5798774361610413 102
1783976786836 0.5731802582740784 103
1783976786846 0.56182861328125 104
1783976786854 0.5955834984779358 105
1783976786862 0.5617238879203796 106
1783976786871 0.5704188346862793 107
1783976786879 0.5620244741439819 108
1783976786887 0.5706175565719604 109
1783976786894 0.5583559274673462 110
1783976786902 0.5517355799674988 111
1783976786910 0.5630497336387634 112
1783976786920 0.5484579801559448 113
1783976786927 0.5454548001289368 114
1783976786935 0.5645554661750793 115
1783976786943 0.5454975962638855 116
1783976786952 0.5859349370002747 117
1783976786961 0.5618518590927124 118
1783976786968 0.5495597720146179 119
1783976786975 0.5416522026062012 120
1783976786983 0.5761378407478333 121
1783976786992 0.5548610687255859 122
1783976787002 0.5436182022094727 123
1783976787330 0.5543413162231445 124
1783976787341 0.551906943321228 125
1783976787351 0.5354145765304565 126
1783976787359 0.5430784821510315 127
1783976787368 0.533464252948761 128
1783976787379 0.5338465571403503 129
1783976787388 0.5332694053649902 130
1783976787398 0.5576314926147461 131
1783976787406 0.563380777835846 132
1783976787418 0.5598569512367249 133
1783976787428 0.5390626192092896 134
1783976787438 0.5154418349266052 135
1783976787448 0.5092931985855103 136
1783976787458 0.5245293974876404 137
1783976787468 0.5302991271018982 138
1783976787478 0.530917227268219 139
1783976787488 0.5333120226860046 140
1783976787495 0.5447693467140198 141
1783976787502 0.5148648619651794 142
1783976787509 0.5241351127624512 143
1783976787519 0.5605684518814087 144
1783976787527 0.5444138050079346 145
1783976787534 0.5227858424186707 146
1783976787542 0.5327441096305847 147
1783976787550 0.5232176184654236 148
1783976787557 0.5261098742485046 149
1783976787567 0.5021906495094299 150
1783976787576 0.5209101438522339 151
1783976787585 0.5560159087181091 152
1783976787595 0.5105841755867004 153
1783976787605 0.5344766974449158 154
1783976787619 0.5551763772964478 155
1783976787631 0.5010422468185425 156
1783976787640 0.5315573811531067 157
1783976787650 0.49396055936813354 158
1783976787660 0.5350419878959656 159
1783976787669 0.5059911012649536 160
1783976787680 0.5155928730964661 161
1783976787689 0.5241591930389404 162
1783976787699 0.5414751768112183 163
1783976787708 0.5074618458747864 164
1783976787717 0.5073441863059998 165
1783976787727 0.530914843082428 166
1783976787735 0.5079612135887146 167
1783976787742 0.4944181740283966 168
1783976787751 0.5285506844520569 169
1783976787758 0.5278024077415466 170
1783976787765 0.5067536234855652 171
1783976787774 0.512412428855896 172
1783976787787 0.5269730687141418 173
1783976787798 0.5091432929039001 174
1783976787804 0.539960503578186 175
1783976787811 0.5453964471817017 176
1783976787820 0.4833086431026459 177
1783976787829 0.5297064185142517 178
1783976787838 0.5160338282585144 179
1783976787848 0.503711462020874 180
1783976787857 0.4957468509674072 181
1783976787865 0.5000388026237488 182
1783976787873 0.5018743276596069 183
1783976787884 0.4844891428947449 184
1783976787894 0.5022763609886169 185
1783976787904 0.48623818159103394 186
1783976787915 0.5063849091529846 187
1783976787924 0.49790629744529724 188
1783976787934 0.5012747049331665 189
1783976787945 0.5176883935928345 190
1783976787955 0.5055658221244812 191
1783976787968 0.5046759247779846 192
1783976787979 0.5199906826019287 193
1783976787986 0.5192610621452332 194
1783976787996 0.5281429290771484 195
1783976788005 0.4879326820373535 196
1783976788016 0.49744850397109985 197
1783976788026 0.49336323142051697 198
1783976788033 0.4897063374519348 199
1783976788046 0.5050731301307678 200
1783976788056 0.48852649331092834 201
1783976788063 0.5210782885551453 202
1783976788074 0.5059048533439636 203
1783976788084 0.4858957827091217 204
1783976788092 0.5118204951286316 205
1783976788104 0.4976995587348938 206
1783976788115 0.4681612551212311 207
1783976788130 0.49314218759536743 208
1783976788142 0.5156887173652649 209
1783976788152 0.5060502290725708 210
1783976788164 0.47188249230384827 211
1783976788170 0.4979863166809082 212
1783976788179 0.4733259081840515 213
1783976788187 0.5097702145576477 214
1783976788196 0.5029588341712952 215
1783976788208 0.5057244896888733 216
1783976788218 0.48229876160621643 217
1783976788231 0.5038254857063293 218
1783976788240 0.5070173144340515 219
1783976788250 0.48430511355400085 220
1783976788259 0.49477940797805786 221
1783976788266 0.46003541350364685 222
1783976788274 0.46371427178382874 223
1783976788284 0.49213701486587524 224
1783976788297 0.5016060471534729 225
1783976788308 0.5007020831108093 226
1783976788318 0.4923385977745056 227
1783976788329 0.47435739636421204 228
1783976788341 0.502738893032074 229
1783976788352 0.47911563515663147 230
1783976788363 0.47648078203201294 231
1783976788373 0.47641721367836 232
1783976788384 0.47050660848617554 233
1783976788394 0.48586300015449524 234
1783976788405 0.5228146910667419 235
1783976788414 0.4697290360927582 236
1783976788424 0.4747776389122009 237
1783976788434 0.4751482307910919 238
1783976788444 0.5036910176277161 239
1783976788453 0.5023341774940491 240
1783976788462 0.48996400833129883 241
1783976788470 0.4893927276134491 242
1783976788480 0.5194602608680725 243
1783976788489 0.4627396762371063 244
1783976788498 0.4602111876010895 245
1783976788505 0.5035942792892456 246
1783976788513 0.4701354503631592 247
1783976788824 0.45880794525146484 248
1783976788833 0.48437929153442383 249
1783976788839 0.48968690633773804 250
1783976788848 0.45999446511268616 251
1783976788856 0.5004857182502747 252
1783976788864 0.49237996339797974 253
1783976788874 0.45952922105789185 254
1783976788884 0.45793232321739197 255
1783976788894 0.4702050983905792 256
1783976788905 0.500674307346344 257
1783976788916 0.475526362657547 258
1783976788927 0.4820508062839508 259
1783976788935 0.46085357666015625 260
1783976788945 0.5014858841896057 261
1783976788955 0.4550769627094269 262
1783976788963 0.4297957122325897 263
1783976788973 0.4668419063091278 264
1783976788984 0.4888087213039398 265
1783976788994 0.479818195104599 266
1783976789004 0.4788040220737457 267
1783976789014 0.49580833315849304 268
1783976789020 0.44865289330482483 269
1783976789031 0.4819241166114807 270
1783976789041 0.47495773434638977 271
1783976789051 0.5142849683761597 272
1783976789059 0.48087209463119507 273
1783976789066 0.4730469286441803 274
1783976789074 0.4608507752418518 275
1783976789082 0.4566933214664459 276
1783976789089 0.4623977541923523 277
1783976789098 0.44228944182395935 278
1783976789105 0.4896072745323181 279
1783976789116 0.449918270111084 280
1783976789125 0.47403350472450256 281
1783976789135 0.4613106846809387 282
1783976789143 0.4772217571735382 283
1783976789156 0.47627168893814087 284
1783976789165 0.4889122545719147 285
1783976789171 0.4809171259403229 286
1783976789182 0.472260981798172 287
1783976789192 0.4819345474243164 288
1783976789202 0.44371142983436584 289
1783976789211 0.4813457131385803 290
1783976789221 0.4679989814758301 291
1783976789230 0.45407435297966003 292
1783976789237 0.48332613706588745 293
1783976789245 0.4990348815917969 294
1783976789252 0.47345128655433655 295
1783976789259 0.47369399666786194 296
1783976789268 0.43352290987968445 297
1783976789277 0.4867343008518219 298
1783976789284 0.42962077260017395 299
1783976789293 0.4574705958366394 300
1783976789301 0.46524736285209656 301
1783976789308 0.468789279460907 302
1783976789319 0.4561230540275574 303
1783976789328 0.44271889328956604 304
1783976789336 0.4710593819618225 305
1783976789347 0.47832298278808594 306
1783976789354 0.45013540983200073 307
1783976789361 0.4840559959411621 308
1783976789369 0.500353991985321 309
1783976789379 0.4762027859687805 310
1783976789386 0.44184330105781555 311
1783976789396 0.44069573283195496 312
1783976789405 0.4942294657230377 313
1783976789417 0.49197664856910706 314
1783976789428 0.48383450508117676 315
1783976789439 0.45750290155410767 316
1783976789450 0.44610878825187683 317
1783976789459 0.45108485221862793 318
1783976789469 0.46088555455207825 319
1783976789480 0.46293941140174866 320
1783976789491 0.4348551630973816 321
1783976789501 0.4615424573421478 322
1783976789512 0.4719068706035614 323
1783976789522 0.464150607585907 324
1783976789534 0.46672967076301575 325
1783976789541 0.42841359972953796 326
1783976789548 0.4677513539791107 327
1783976789554 0.4657086730003357 328
1783976789563 0.454821914434433 329
1783976789570 0.45948320627212524 330
1783976789579 0.4595169723033905 331
1783976789587 0.4571678638458252 332
1783976789595 0.4633023738861084 333
1783976789602 0.4760430157184601 334
1783976789610 0.4741549491882324 335
1783976789622 0.45829108357429504 336
1783976789632 0.44279852509498596 337
1783976789641 0.4989258944988251 338
1783976789651 0.463588684797287 339
1783976789663 0.4729113280773163 340
1783976789671 0.4418560564517975 341
1783976789680 0.43936261534690857 342
1783976789690 0.45129814743995667 343
1783976789699 0.4364946484565735 344
1783976789709 0.45336341857910156 345
1783976789719 0.4391503632068634 346
1783976789730 0.42742177844047546 347
1783976789740 0.45437222719192505 348
1783976789748 0.48502275347709656 349
1783976789756 0.43871137499809265 350
1783976789764 0.4749371409416199 351
1783976789774 0.4566579759120941 352
1783976789781 0.45958706736564636 353
1783976789788 0.46980413794517517 354
1783976789796 0.44558385014533997 355
1783976789803 0.46061763167381287 356
1783976789813 0.42351076006889343 357
1783976789820 0.4675757586956024 358
1783976789827 0.46200206875801086 359
1783976789835 0.4611603915691376 360
1783976789842 0.48037126660346985 361
1783976789851 0.47594720125198364 362
1783976789860 0.4637107849121094 363
1783976789871 0.43208035826683044 364
1783976789883 0.4704727530479431 365
1783976789892 0.44565722346305847 366
1783976789905 0.440363347530365 367
1783976789916 0.4538281261920929 368
1783976789929 0.4600086212158203 369
1783976789941 0.4401841163635254 370
1783976789954 0.43712276220321655 371
