1783975212908 0.6931846737861633 0
1783975212920 0.6931509375572205 1
1783975212931 0.6930766105651855 2
1783975212940 0.6930617690086365 3
1783975212949 0.6930325627326965 4
1783975212957 0.6930404305458069 5
1783975212967 0.6928927302360535 6
1783975212977 0.692661702632904 7
1783975212987 0.6926463842391968 8
1783975212998 0.6925817131996155 9
1783975213007 0.6925120949745178 10
1783975213018 0.6923184990882874 11
1783975213026 0.6916484832763672 12
1783975213038 0.6921443939208984 13
1783975213048 0.6913452744483948 14
1783975213057 0.6917591094970703 15
1783975213069 0.6906414031982422 16
1783975213081 0.6907498240470886 17
1783975213089 0.6897507309913635 18
1783975213100 0.6899404525756836 19
1783975213112 0.6885209083557129 20
1783975213122 0.6875635981559753 21
1783975213135 0.6889046430587769 22
1783975213144 0.6872113943099976 23
1783975213155 0.6856799721717834 24
1783975213166 0.6861876845359802 25
1783975213175 0.6836501359939575 26
1783975213186 0.6869471669197083 27
1783975213198 0.6851412057876587 28
1783975213208 0.6824334859848022 29
1783975213219 0.6827616095542908 30
1783975213229 0.6815500855445862 31
1783975213240 0.6772652864456177 32
1783975213247 0.6772890090942383 33
1783975213255 0.6788786053657532 34
1783975213268 0.6788564324378967 35
1783975213279 0.677650511264801 36
1783975213290 0.6677688956260681 37
1783975213300 0.6724278330802917 38
1783975213310 0.6696738004684448 39
1783975213320 0.6668691039085388 40
1783975213330 0.6656327247619629 41
1783975213341 0.6667076945304871 42
1783975213352 0.6705489158630371 43
1783975213362 0.6645569205284119 44
1783975213370 0.6679914593696594 45
1783975213381 0.6610593795776367 46
1783975213391 0.6660462617874146 47
1783975213402 0.6580162048339844 48
1783975213413 0.6501110196113586 49
1783975213420 0.6557580232620239 50
1783975213431 0.6500101685523987 51
1783975213440 0.6291722655296326 52
1783975213450 0.6538951992988586 53
1783975213459 0.6566242575645447 54
1783975213467 0.6265659928321838 55
1783975213478 0.648443877696991 56
1783975213486 0.6385728716850281 57
1783975213497 0.6331885457038879 58
1783975213504 0.628147542476654 59
1783975213515 0.6299134492874146 60
1783975213523 0.6253312826156616 61
1783975213531 0.6357951760292053 62
1783975213538 0.6256662607192993 63
1783975213547 0.642440140247345 64
1783975213554 0.6173729300498962 65
1783975213565 0.636326789855957 66
1783975213575 0.6127068400382996 67
1783975213585 0.6209172010421753 68
1783975213595 0.6083737015724182 69
1783975213605 0.6348605751991272 70
1783975213616 0.6228713393211365 71
1783975213623 0.6076973676681519 72
1783975213635 0.6361552476882935 73
1783975213645 0.6332854628562927 74
1783975213655 0.5842307806015015 75
1783975213666 0.6095758080482483 76
1783975213676 0.5853292346000671 77
1783975213686 0.5995694994926453 78
1783975213695 0.6031466722488403 79
1783975213705 0.6000255942344666 80
1783975213714 0.6131728291511536 81
1783975213720 0.590952455997467 82
1783975213730 0.6065340638160706 83
1783975213737 0.6046796441078186 84
1783975213746 0.6107341647148132 85
1783975213756 0.5943750143051147 86
1783975213766 0.574183464050293 87
1783975213780 0.5880126953125 88
1783975213793 0.595335066318512 89
1783975213804 0.5946721434593201 90
1783975213815 0.6069833040237427 91
1783975213826 0.5901414752006531 92
1783975213837 0.5995593667030334 93
1783975213849 0.5829596519470215 94
1783975213860 0.5857886672019958 95
1783975213872 0.5938677787780762 96
1783975213883 0.5842365622520447 97
1783975213890 0.5632355809211731 98
1783975213901 0.5597842931747437 99
1783975213911 0.5797297358512878 100
1783975213918 0.5701692700386047 101
1783975213929 0.5798774361610413 102
1783975213937 0.5731802582740784 103
1783975213946 0.56182861328125 104
1783975213955 0.5955834984779358 105
1783975213964 0.5617238879203796 106
1783975213975 0.5704188346862793 107
1783975213986 0.5620244741439819 108
1783975213994 0.5706175565719604 109
1783975214004 0.5583559274673462 110
1783975214015 0.5517355799674988 111
1783975214022 0.5630497336387634 112
1783975214034 0.5484579801559448 113
1783975214041 0.5454548001289368 114
1783975214052 0.5645554661750793 115
1783975214062 0.5454975962638855 116
1783975214071 0.5859349370002747 117
1783975214081 0.5618518590927124 118
1783975214091 0.5495597720146179 119
1783975214101 0.5416522026062012 120
1783975214110 0.5761378407478333 121
1783975214119 0.5548610687255859 122
1783975214130 0.5436182022094727 123
1783975214455 0.5543413162231445 124
1783975214465 0.551906943321228 125
1783975214475 0.5354145765304565 126
1783975214482 0.5430784821510315 127
1783975214489 0.533464252948761 128
1783975214497 0.5338465571403503 129
1783975214508 0.5332694053649902 130
1783975214515 0.5576314926147461 131
1783975214525 0.563380777835846 132
1783975214535 0.5598569512367249 133
1783975214543 0.5390626192092896 134
1783975214549 0.5154418349266052 135
1783975214557 0.5092931985855103 136
1783975214564 0.5245293974876404 137
1783975214573 0.5302991271018982 138
1783975214583 0.530917227268219 139
1783975214593 0.5333120226860046 140
1783975214604 0.5447693467140198 141
1783975214615 0.5148648619651794 142
1783975214624 0.5241351127624512 143
1783975214635 0.5605684518814087 144
1783975214645 0.5444138050079346 145
1783975214654 0.5227858424186707 146
1783975214664 0.5327441096305847 147
1783975214674 0.5232176184654236 148
1783975214684 0.5261098742485046 149
1783975214695 0.5021906495094299 150
1783975214706 0.5209101438522339 151
1783975214717 0.5560159087181091 152
1783975214726 0.5105841755867004 153
1783975214734 0.5344766974449158 154
1783975214742 0.5551763772964478 155
1783975214751 0.5010422468185425 156
1783975214761 0.5315573811531067 157
1783975214770 0.49396055936813354 158
1783975214781 0.5350419878959656 159
1783975214791 0.5059911012649536 160
1783975214803 0.5155928730964661 161
1783975214814 0.5241591930389404 162
1783975214824 0.5414751768112183 163
1783975214834 0.5074618458747864 164
1783975214843 0.5073441863059998 165
1783975214851 0.530914843082428 166
1783975214864 0.5079612135887146 167
1783975214874 0.4944181740283966 168
1783975214884 0.5285506844520569 169
1783975214893 0.5278024077415466 170
1783975214902 0.5067536234855652 171
1783975214914 0.512412428855896 172
1783975214922 0.5269730687141418 173
1783975214931 0.5091432929039001 174
1783975214940 0.539960503578186 175
1783975214948 0.5453964471817017 176
1783975214956 0.4833086431026459 177
1783975214965 0.5297064185142517 178
1783975214975 0.5160338282585144 179
1783975214985 0.503711462020874 180
1783975214995 0.4957468509674072 181
1783975215002 0.5000388026237488 182
1783975215013 0.5018743276596069 183
1783975215022 0.4844891428947449 184
1783975215033 0.5022763609886169 185
1783975215041 0.48623818159103394 186
1783975215047 0.5063849091529846 187
1783975215054 0.49790629744529724 188
1783975215062 0.5012747049331665 189
1783975215074 0.5176883935928345 190
1783975215084 0.5055658221244812 191
1783975215094 0.5046759247779846 192
1783975215104 0.5199906826019287 193
1783975215115 0.5192610621452332 194
1783975215123 0.5281429290771484 195
1783975215141 0.4879326820373535 196
1783975215150 0.49744850397109985 197
1783975215159 0.49336323142051697 198
1783975215172 0.4897063374519348 199
1783975215184 0.5050731301307678 200
1783975215193 0.48852649331092834 201
1783975215202 0.5210782885551453 202
1783975215214 0.5059048533439636 203
1783975215225 0.4858957827091217 204
1783975215233 0.5118204951286316 205
1783975215241 0.4976995587348938 206
1783975215248 0.4681612551212311 207
1783975215257 0.49314218759536743 208
1783975215266 0.5156887173652649 209
1783975215278 0.5060502290725708 210
1783975215289 0.47188249230384827 211
1783975215299 0.4979863166809082 212
1783975215314 0.4733259081840515 213
1783975215326 0.5097702145576477 214
1783975215336 0.5029588341712952 215
1783975215345 0.5057244896888733 216
1783975215353 0.48229876160621643 217
1783975215364 0.5038254857063293 218
1783975215375 0.5070173144340515 219
1783975215386 0.48430511355400085 220
1783975215399 0.49477940797805786 221
1783975215409 0.46003541350364685 222
1783975215422 0.46371427178382874 223
1783975215432 0.49213701486587524 224
1783975215440 0.5016060471534729 225
1783975215447 0.5007020831108093 226
1783975215457 0.4923385977745056 227
1783975215466 0.47435739636421204 228
1783975215477 0.502738893032074 229
1783975215485 0.47911563515663147 230
1783975215496 0.47648078203201294 231
1783975215507 0.47641721367836 232
1783975215516 0.47050660848617554 233
1783975215527 0.48586300015449524 234
1783975215536 0.5228146910667419 235
1783975215546 0.4697290360927582 236
1783975215554 0.4747776389122009 237
1783975215566 0.4751482307910919 238
1783975215576 0.5036910176277161 239
1783975215586 0.5023341774940491 240
1783975215597 0.48996400833129883 241
1783975215607 0.4893927276134491 242
1783975215619 0.5194602608680725 243
1783975215627 0.4627396762371063 244
1783975215635 0.4602111876010895 245
1783975215645 0.5035942792892456 246
1783975215655 0.4701354503631592 247
1783975215993 0.45880794525146484 248
1783975216002 0.48437929153442383 249
1783975216012 0.48968690633773804 250
1783975216020 0.45999446511268616 251
1783975216030 0.5004857182502747 252
1783975216039 0.49237996339797974 253
1783975216049 0.45952922105789185 254
1783975216057 0.45793232321739197 255
1783975216069 0.4702050983905792 256
1783975216080 0.500674307346344 257
1783975216090 0.475526362657547 258
1783975216099 0.4820508062839508 259
1783975216108 0.46085357666015625 260
1783975216119 0.5014858841896057 261
1783975216131 0.4550769627094269 262
1783975216140 0.4297957122325897 263
1783975216149 0.4668419063091278 264
1783975216158 0.4888087213039398 265
1783975216168 0.479818195104599 266
1783975216179 0.4788040220737457 267
1783975216187 0.49580833315849304 268
1783975216199 0.44865289330482483 269
1783975216205 0.4819241166114807 270
1783975216216 0.47495773434638977 271
1783975216224 0.5142849683761597 272
1783975216234 0.48087209463119507 273
1783975216244 0.4730469286441803 274
1783975216251 0.4608507752418518 275
1783975216259 0.4566933214664459 276
1783975216268 0.4623977541923523 277
1783975216278 0.44228944182395935 278
1783975216285 0.4896072745323181 279
1783975216293 0.449918270111084 280
1783975216301 0.47403350472450256 281
1783975216309 0.4613106846809387 282
1783975216320 0.4772217571735382 283
1783975216333 0.47627168893814087 284
1783975216343 0.4889122545719147 285
1783975216351 0.4809171259403229 286
1783975216358 0.472260981798172 287
1783975216367 0.4819345474243164 288
1783975216375 0.44371142983436584 289
1783975216384 0.4813457131385803 290
1783975216395 0.4679989814758301 291
1783975216403 0.45407435297966003 292
1783975216412 0.48332613706588745 293
1783975216422 0.4990348815917969 294
1783975216434 0.47345128655433655 295
1783975216443 0.47369399666786194 296
1783975216452 0.43352290987968445 297
1783975216459 0.4867343008518219 298
1783975216467 0.42962077260017395 299
1783975216479 0.4574705958366394 300
1783975216489 0.46524736285209656 301
1783975216499 0.468789279460907 302
1783975216509 0.4561230540275574 303
1783975216516 0.44271889328956604 304
1783975216525 0.4710593819618225 305
1783975216532 0.47832298278808594 306
1783975216540 0.45013540983200073 307
1783975216546 0.4840559959411621 308
1783975216553 0.500353991985321 309
1783975216562 0.4762027859687805 310
1783975216572 0.44184330105781555 311
1783975216579 0.44069573283195496 312
1783975216586 0.4942294657230377 313
1783975216597 0.49197664856910706 314
1783975216603 0.48383450508117676 315
1783975216614 0.45750290155410767 316
1783975216624 0.44610878825187683 317
1783975216631 0.45108485221862793 318
1783975216641 0.46088555455207825 319
1783975216649 0.46293941140174866 320
1783975216657 0.4348551630973816 321
1783975216666 0.4615424573421478 322
1783975216676 0.4719068706035614 323
1783975216686 0.464150607585907 324
1783975216695 0.46672967076301575 325
1783975216705 0.42841359972953796 326
1783975216715 0.4677513539791107 327
1783975216722 0.4657086730003357 328
1783975216732 0.454821914434433 329
1783975216741 0.45948320627212524 330
1783975216752 0.4595169723033905 331
1783975216763 0.4571678638458252 332
1783975216769 0.4633023738861084 333
1783975216778 0.4760430157184601 334
1783975216786 0.4741549491882324 335
1783975216798 0.45829108357429504 336
1783975216806 0.44279852509498596 337
1783975216813 0.4989258944988251 338
1783975216820 0.463588684797287 339
1783975216827 0.4729113280773163 340
1783975216833 0.4418560564517975 341
1783975216848 0.43936261534690857 342
1783975216856 0.45129814743995667 343
1783975216866 0.4364946484565735 344
1783975216875 0.45336341857910156 345
1783975216882 0.4391503632068634 346
1783975216891 0.42742177844047546 347
1783975216900 0.45437222719192505 348
1783975216909 0.48502275347709656 349
1783975216920 0.43871137499809265 350
1783975216929 0.4749371409416199 351
1783975216939 0.4566579759120941 352
1783975216950 0.45958706736564636 353
1783975216960 0.46980413794517517 354
1783975216971 0.44558385014533997 355
1783975216982 0.46061763167381287 356
1783975216992 0.42351076006889343 357
1783975217000 0.4675757586956024 358
1783975217011 0.46200206875801086 359
1783975217019 0.4611603915691376 360
1783975217029 0.48037126660346985 361
1783975217037 0.47594720125198364 362
1783975217046 0.4637107849121094 363
1783975217052 0.43208035826683044 364
1783975217063 0.4704727530479431 365
1783975217070 0.44565722346305847 366
1783975217078 0.440363347530365 367
1783975217085 0.4538281261920929 368
1783975217096 0.4600086212158203 369
1783975217103 0.4401841163635254 370
1783975217114 0.43712276220321655 371
