1783979210541 4.851947784423828 0
1783979210551 4.851883888244629 1
1783979210560 4.851763725280762 2
1783979210568 4.851757526397705 3
1783979210577 4.851170063018799 4
1783979210587 4.851461887359619 5
1783979210597 4.850020408630371 6
1783979210605 4.8504438400268555 7
1783979210614 4.848684310913086 8
1783979210623 4.848098278045654 9
1783979210630 4.847502708435059 10
1783979210638 4.843708515167236 11
1783979210648 4.842081546783447 12
1783979210655 4.841655731201172 13
1783979210665 4.837741851806641 14
1783979210674 4.84153413772583 15
1783979210685 4.8393988609313965 16
1783979210696 4.833747386932373 17
1783979210706 4.833621501922607 18
1783979210717 4.831027507781982 19
1783979210726 4.8206658363342285 20
1783979210738 4.812392234802246 21
1783979210747 4.815499305725098 22
1783979210756 4.815893650054932 23
1783979210766 4.797281265258789 24
1783979210777 4.797318935394287 25
1783979210788 4.797518730163574 26
1783979210800 4.7974019050598145 27
1783979210814 4.787341117858887 28
1783979210824 4.77075719833374 29
1783979210835 4.782560348510742 30
1783979210846 4.7674384117126465 31
1783979210856 4.737952709197998 32
1783979210868 4.73820686340332 33
1783979210879 4.738600730895996 34
1783979210891 4.740687370300293 35
1783979210904 4.735667705535889 36
1783979210915 4.676340579986572 37
1783979210927 4.668177604675293 38
1783979210936 4.683709144592285 39
1783979210947 4.651822566986084 40
1783979210958 4.663695335388184 41
1783979210969 4.657702445983887 42
1783979210980 4.696979999542236 43
1783979210991 4.630117416381836 44
1783979211004 4.661640644073486 45
1783979211015 4.602287769317627 46
1783979211025 4.63824462890625 47
1783979211034 4.600313186645508 48
1783979211044 4.513497352600098 49
1783979211055 4.581447601318359 50
1783979211065 4.520780563354492 51
1783979211075 4.406479358673096 52
1783979211086 4.536471843719482 53
1783979211095 4.526817321777344 54
1783979211104 4.396651268005371 55
1783979211112 4.507045745849609 56
1783979211119 4.423151969909668 57
1783979211126 4.432018280029297 58
1783979211133 4.3941144943237305 59
1783979211141 4.380529403686523 60
1783979211149 4.338868141174316 61
1783979211157 4.467841148376465 62
1783979211168 4.337065696716309 63
1783979211178 4.426785469055176 64
1783979211186 4.378300189971924 65
1783979211196 4.437906265258789 66
1783979211205 4.254899978637695 67
1783979211215 4.302292346954346 68
1783979211225 4.267190456390381 69
1783979211233 4.388933181762695 70
1783979211241 4.30515718460083 71
1783979211249 4.247346878051758 72
1783979211260 4.437217712402344 73
1783979211270 4.427917957305908 74
1783979211280 4.100174427032471 75
1783979211290 4.218583106994629 76
1783979211302 4.129843711853027 77
1783979211312 4.1652021408081055 78
1783979211321 4.2623114585876465 79
1783979211328 4.235850811004639 80
1783979211337 4.316362380981445 81
1783979211346 4.098254680633545 82
1783979211356 4.315138816833496 83
1783979211365 4.295665740966797 84
1783979211375 4.2730607986450195 85
1783979211383 4.154703617095947 86
1783979211390 4.0241193771362305 87
1783979211398 4.139276504516602 88
1783979211407 4.211343288421631 89
1783979211415 4.171877861022949 90
1783979211424 4.244594097137451 91
1783979211434 4.153370380401611 92
1783979211444 4.222731590270996 93
1783979211451 4.035484790802002 94
1783979211460 4.201794624328613 95
1783979211470 4.231717586517334 96
1783979211481 4.121718406677246 97
1783979211490 3.982771396636963 98
1783979211499 4.00391960144043 99
1783979211508 4.106571674346924 100
1783979211522 4.025554656982422 101
1783979211531 4.118163585662842 102
1783979211539 3.9907424449920654 103
1783979211548 3.9018144607543945 104
1783979211556 4.2071990966796875 105
1783979211566 4.015702247619629 106
1783979211577 4.067363262176514 107
1783979211585 4.004741191864014 108
1783979211595 4.082294464111328 109
1783979211601 3.9354941844940186 110
1783979211611 3.930847406387329 111
1783979211618 3.9727365970611572 112
1783979211625 4.002580642700195 113
1783979211632 3.9282474517822266 114
1783979211640 4.100088596343994 115
1783979211647 3.976006031036377 116
1783979211654 4.204886436462402 117
1783979211663 4.034343242645264 118
1783979211672 3.959627389907837 119
1783979211680 3.875978946685791 120
1783979211689 4.060483932495117 121
1783979211700 3.9491124153137207 122
1783979211711 3.870466947555542 123
1783979212033 3.9243249893188477 124
1783979212041 3.9339547157287598 125
1783979212050 3.893831491470337 126
1783979212059 3.887030601501465 127
1783979212069 3.9638755321502686 128
1783979212077 3.9469361305236816 129
1783979212086 3.776693344116211 130
1783979212094 3.976119041442871 131
1783979212100 4.068835258483887 132
1783979212110 3.9942004680633545 133
1783979212117 3.815673828125 134
1783979212125 3.7976880073547363 135
1783979212132 3.709479331970215 136
1783979212142 3.8153069019317627 137
1783979212150 3.91019606590271 138
1783979212158 3.8753151893615723 139
1783979212168 3.780728340148926 140
1783979212178 3.9209957122802734 141
1783979212188 3.728862762451172 142
1783979212197 3.7816126346588135 143
1783979212206 3.9924962520599365 144
1783979212216 3.9986355304718018 145
1783979212226 3.808058261871338 146
1783979212236 3.913393020629883 147
1783979212247 3.9072470664978027 148
1783979212257 3.866509437561035 149
1783979212268 3.6308298110961914 150
1783979212279 3.7725894451141357 151
1783979212289 3.950927972793579 152
1783979212299 3.64914608001709 153
1783979212308 3.8578805923461914 154
1783979212319 3.9445133209228516 155
1783979212329 3.6649131774902344 156
1783979212337 3.8499088287353516 157
1783979212346 3.6066203117370605 158
1783979212357 3.9273226261138916 159
1783979212365 3.694429874420166 160
1783979212373 3.7438278198242188 161
1783979212384 3.838076591491699 162
1783979212393 3.986753225326538 163
1783979212400 3.7840001583099365 164
1783979212410 3.646110773086548 165
1783979212416 3.789951801300049 166
1783979212425 3.7619807720184326 167
1783979212432 3.699310779571533 168
1783979212439 3.874295711517334 169
1783979212449 4.001341819763184 170
1783979212459 3.6954312324523926 171
1783979212467 3.881782293319702 172
1783979212477 3.740525007247925 173
1783979212487 3.8088126182556152 174
1783979212499 3.964534282684326 175
1783979212514 3.8556067943573 176
1783979212524 3.5485470294952393 177
1783979212533 3.7848501205444336 178
1783979212544 3.8492233753204346 179
1783979212554 3.693464994430542 180
1783979212566 3.6239888668060303 181
1783979212575 3.740089178085327 182
1783979212584 3.675915002822876 183
1783979212594 3.5588581562042236 184
1783979212600 3.6168692111968994 185
1783979212609 3.607226848602295 186
1783979212616 3.7751564979553223 187
1783979212625 3.584239959716797 188
1783979212633 3.787215232849121 189
1783979212640 3.637906551361084 190
1783979212649 3.7115116119384766 191
1783979212657 3.7354025840759277 192
1783979212665 3.750936269760132 193
1783979212674 3.68340802192688 194
1783979212684 3.7966294288635254 195
1783979212694 3.609567403793335 196
1783979212703 3.60237979888916 197
1783979212713 3.631883382797241 198
1783979212721 3.6199779510498047 199
1783979212730 3.7413647174835205 200
1783979212740 3.5567193031311035 201
1783979212750 3.756012201309204 202
1783979212760 3.7257652282714844 203
1783979212770 3.5977048873901367 204
1783979212780 3.776503801345825 205
1783979212791 3.7663354873657227 206
1783979212799 3.5622456073760986 207
1783979212808 3.6627867221832275 208
1783979212818 3.7533979415893555 209
1783979212826 3.6062068939208984 210
1783979212835 3.5700507164001465 211
1783979212843 3.654351234436035 212
1783979212852 3.643017292022705 213
1783979212865 3.6728668212890625 214
1783979212874 3.605724811553955 215
1783979212886 3.6684627532958984 216
1783979212896 3.4246015548706055 217
1783979212902 3.5884666442871094 218
1783979212911 3.618093490600586 219
1783979212921 3.4880051612854004 220
1783979212932 3.555971622467041 221
1783979212940 3.4415712356567383 222
1783979212950 3.404007911682129 223
1783979212959 3.6006038188934326 224
1783979212968 3.6604092121124268 225
1783979212979 3.5783748626708984 226
1783979212988 3.5545921325683594 227
1783979213000 3.516253709793091 228
1783979213012 3.49912166595459 229
1783979213022 3.419830083847046 230
1783979213030 3.5012710094451904 231
1783979213039 3.456113576889038 232
1783979213050 3.4368889331817627 233
1783979213061 3.745126485824585 234
1783979213072 3.66853928565979 235
1783979213082 3.504361152648926 236
1783979213094 3.528614044189453 237
1783979213106 3.4934139251708984 238
1783979213117 3.5696303844451904 239
1783979213127 3.565553665161133 240
1783979213136 3.571382522583008 241
1783979213146 3.533053159713745 242
1783979213159 3.5855913162231445 243
1783979213170 3.282205104827881 244
1783979213180 3.363922119140625 245
1783979213189 3.5941905975341797 246
1783979213199 3.6232898235321045 247
1783979213518 3.316230058670044 248
1783979213530 3.582728624343872 249
1783979213538 3.45151424407959 250
1783979213549 3.454745292663574 251
1783979213559 3.4051451683044434 252
1783979213569 3.5683987140655518 253
1783979213582 3.365107536315918 254
1783979213592 3.445261001586914 255
1783979213602 3.5067269802093506 256
1783979213611 3.6371030807495117 257
1783979213620 3.436310291290283 258
1783979213631 3.5784523487091064 259
1783979213638 3.330169677734375 260
1783979213646 3.569589853286743 261
1783979213653 3.3999545574188232 262
1783979213662 3.290947675704956 263
1783979213669 3.4449663162231445 264
1783979213679 3.6066436767578125 265
1783979213685 3.4765658378601074 266
1783979213696 3.540074348449707 267
1783979213703 3.571631669998169 268
1783979213711 3.243806838989258 269
1783979213721 3.633958339691162 270
1783979213730 3.387314796447754 271
1783979213737 3.486095666885376 272
1783979213746 3.4451465606689453 273
1783979213755 3.368486166000366 274
1783979213765 3.439082145690918 275
1783979213776 3.3188610076904297 276
1783979213784 3.25313401222229 277
1783979213796 3.3392868041992188 278
1783979213805 3.42913556098938 279
1783979213813 3.4147071838378906 280
1783979213823 3.3876757621765137 281
1783979213833 3.2863528728485107 282
1783979213842 3.477900743484497 283
1783979213851 3.4834887981414795 284
1783979213862 3.387117862701416 285
1783979213871 3.4520881175994873 286
1783979213881 3.2922866344451904 287
1783979213890 3.371016263961792 288
1783979213900 3.407670497894287 289
1783979213906 3.491142749786377 290
1783979213913 3.4244766235351562 291
1783979213920 3.2728962898254395 292
1783979213928 3.4217779636383057 293
1783979213935 3.513896942138672 294
1783979213942 3.4804792404174805 295
1783979213952 3.228661298751831 296
1783979213960 3.312310218811035 297
1783979213969 3.492344379425049 298
1783979213977 3.241464138031006 299
1783979213984 3.357365369796753 300
1783979213993 3.3527746200561523 301
1783979214000 3.310814142227173 302
1783979214006 3.230712413787842 303
1783979214014 3.2356553077697754 304
1783979214023 3.387420892715454 305
1783979214031 3.2238519191741943 306
1783979214041 3.231377124786377 307
1783979214051 3.356074094772339 308
1783979214062 3.5471858978271484 309
1783979214072 3.492743968963623 310
1783979214081 3.2424774169921875 311
1783979214094 3.170987606048584 312
1783979214105 3.470085382461548 313
1783979214112 3.5401833057403564 314
1783979214121 3.561162233352661 315
1783979214131 3.3314249515533447 316
1783979214140 3.3315250873565674 317
1783979214149 3.2293050289154053 318
1783979214157 3.3672919273376465 319
1783979214165 3.424989700317383 320
1783979214173 3.224757194519043 321
1783979214183 3.2479748725891113 322
1783979214192 3.3305957317352295 323
1783979214201 3.2313408851623535 324
1783979214208 3.397174596786499 325
1783979214214 3.2384445667266846 326
1783979214222 3.3197503089904785 327
1783979214232 3.3471732139587402 328
1783979214241 3.229342460632324 329
1783979214251 3.3665707111358643 330
1783979214260 3.335603952407837 331
1783979214266 3.3487601280212402 332
1783979214276 3.3047585487365723 333
1783979214285 3.456374168395996 334
1783979214297 3.4775772094726562 335
1783979214305 3.2993667125701904 336
1783979214313 3.239164352416992 337
1783979214322 3.5681633949279785 338
1783979214332 3.270519733428955 339
1783979214343 3.4119768142700195 340
1783979214351 3.139941453933716 341
1783979214362 3.3409974575042725 342
1783979214369 3.2661948204040527 343
1783979214377 3.2077245712280273 344
1783979214386 3.244744300842285 345
1783979214395 3.3281285762786865 346
1783979214405 3.056370735168457 347
1783979214411 3.23730206489563 348
1783979214417 3.3292360305786133 349
1783979214426 3.208409070968628 350
1783979214432 3.233841896057129 351
1783979214441 3.224479913711548 352
1783979214449 3.3631439208984375 353
1783979214459 3.3038787841796875 354
1783979214466 3.374242067337036 355
1783979214476 3.2487220764160156 356
1783979214483 3.119020700454712 357
1783979214492 3.4680280685424805 358
1783979214499 3.2005248069763184 359
1783979214507 3.2099292278289795 360
1783979214516 3.4170784950256348 361
1783979214524 3.289841413497925 362
1783979214532 3.1502368450164795 363
1783979214543 3.1985514163970947 364
1783979214552 3.3719358444213867 365
1783979214562 3.1807098388671875 366
1783979214570 3.2696361541748047 367
1783979214581 3.225163221359253 368
1783979214590 3.1746222972869873 369
1783979214604 3.1990513801574707 370
1783979214612 3.099879503250122 371
