1783977676543 4.852292537689209 0
1783977676557 4.852056980133057 1
1783977676570 4.851536273956299 2
1783977676582 4.8514323234558105 3
1783977676594 4.851227760314941 4
1783977676604 4.851282596588135 5
1783977676614 4.850249290466309 6
1783977676625 4.848630905151367 7
1783977676631 4.84852409362793 8
1783977676641 4.848069667816162 9
1783977676653 4.8475847244262695 10
1783977676665 4.846230983734131 11
1783977676677 4.841536521911621 12
1783977676688 4.845005035400391 13
1783977676699 4.839417934417725 14
1783977676710 4.842313766479492 15
1783977676720 4.834489345550537 16
1783977676731 4.835244655609131 17
1783977676742 4.828251361846924 18
1783977676754 4.829571723937988 19
1783977676766 4.819642066955566 20
1783977676777 4.812933444976807 21
1783977676790 4.822317600250244 22
1783977676803 4.8104753494262695 23
1783977676816 4.799757957458496 24
1783977676827 4.803304672241211 25
1783977676837 4.785552024841309 26
1783977676849 4.808635234832764 27
1783977676859 4.79597806930542 28
1783977676870 4.777031421661377 29
1783977676882 4.779330253601074 30
1783977676894 4.77085018157959 31
1783977676906 4.740848541259766 32
1783977676918 4.741018295288086 33
1783977676928 4.752137660980225 34
1783977676938 4.751987934112549 35
1783977676950 4.743555068969727 36
1783977676960 4.674398422241211 37
1783977676970 4.706982612609863 38
1783977676982 4.687714099884033 39
1783977676993 4.6680707931518555 40
1783977677005 4.659459114074707 41
1783977677016 4.666962146759033 42
1783977677023 4.693867206573486 43
1783977677033 4.651885509490967 44
1783977677041 4.675959587097168 45
1783977677052 4.627417087554932 46
1783977677063 4.662334442138672 47
1783977677073 4.606165885925293 48
1783977677082 4.55074405670166 49
1783977677092 4.590334415435791 50
1783977677101 4.5501179695129395 51
1783977677111 4.404253005981445 52
1783977677122 4.577332019805908 53
1783977677133 4.596418380737305 54
1783977677141 4.385982513427734 55
1783977677155 4.539095878601074 56
1783977677167 4.469995975494385 57
1783977677177 4.432338237762451 58
1783977677187 4.397006988525391 59
1783977677199 4.409416675567627 60
1783977677211 4.377318859100342 61
1783977677220 4.450533390045166 62
1783977677230 4.379714488983154 63
1783977677240 4.497111797332764 64
1783977677251 4.321592330932617 65
1783977677264 4.454371929168701 66
1783977677275 4.288959980010986 67
1783977677286 4.346399307250977 68
1783977677297 4.2587385177612305 69
1783977677309 4.444055557250977 70
1783977677318 4.36016321182251 71
1783977677329 4.2539472579956055 72
1783977677337 4.453135013580322 73
1783977677349 4.4330949783325195 74
1783977677356 4.089755058288574 75
1783977677368 4.266986846923828 76
1783977677378 4.097198963165283 77
1783977677389 4.197086811065674 78
1783977677399 4.222038269042969 79
1783977677406 4.200213432312012 80
1783977677416 4.292182922363281 81
1783977677425 4.136836051940918 82
1783977677435 4.245964050292969 83
1783977677445 4.232827663421631 84
1783977677455 4.275118350982666 85
1783977677467 4.160700798034668 86
1783977677477 4.019283294677734 87
1783977677488 4.116095066070557 88
1783977677500 4.167408466339111 89
1783977677509 4.162682056427002 90
1783977677520 4.248879432678223 91
1783977677530 4.131039619445801 92
1783977677539 4.196905612945557 93
1783977677550 4.08070707321167 94
1783977677560 4.100771427154541 95
1783977677570 4.1570234298706055 96
1783977677579 4.08990478515625 97
1783977677589 3.942654609680176 98
1783977677599 3.918487548828125 99
1783977677611 4.058357238769531 100
1783977677621 3.9912636280059814 101
1783977677631 4.059093475341797 102
1783977677639 4.012343406677246 103
1783977677651 3.932873010635376 104
1783977677668 4.169150352478027 105
1783977677679 3.932119131088257 106
1783977677688 3.992866277694702 107
1783977677699 3.9343347549438477 108
1783977677710 3.994480848312378 109
1783977677719 3.908374071121216 110
1783977677728 3.862250566482544 111
1783977677737 3.941566228866577 112
1783977677749 3.839420795440674 113
1783977677757 3.818256139755249 114
1783977677771 3.9519615173339844 115
1783977677781 3.818608283996582 116
1783977677791 4.101430416107178 117
1783977677804 3.9330813884735107 118
1783977677815 3.8470587730407715 119
1783977677822 3.791592597961426 120
1783977677828 4.033054351806641 121
1783977677838 3.884167432785034 122
1783977677849 3.8052806854248047 123
1783977678219 3.880462646484375 124
1783977678229 3.8631911277770996 125
1783977678238 3.7481281757354736 126
1783977678250 3.8016607761383057 127
1783977678260 3.734133005142212 128
1783977678272 3.7368035316467285 129
1783977678285 3.7329797744750977 130
1783977678295 3.9034273624420166 131
1783977678306 3.9436705112457275 132
1783977678318 3.9189651012420654 133
1783977678327 3.7737607955932617 134
1783977678335 3.6082890033721924 135
1783977678343 3.5655269622802734 136
1783977678354 3.6716272830963135 137
1783977678366 3.712346076965332 138
1783977678374 3.716662883758545 139
1783977678383 3.733431816101074 140
1783977678392 3.813725709915161 141
1783977678401 3.6043760776519775 142
1783977678410 3.6692962646484375 143
1783977678420 3.9242324829101562 144
1783977678430 3.8107101917266846 145
1783977678439 3.6596755981445312 146
1783977678448 3.729302167892456 147
1783977678454 3.662651777267456 148
1783977678465 3.682800769805908 149
1783977678475 3.5156283378601074 150
1783977678487 3.6464083194732666 151
1783977678498 3.8922982215881348 152
1783977678509 3.574148654937744 153
1783977678520 3.7417569160461426 154
1783977678531 3.8863747119903564 155
1783977678540 3.507573366165161 156
1783977678551 3.721205949783325 157
1783977678559 3.4577231407165527 158
1783977678570 3.74533748626709 159
1783977678580 3.5421767234802246 160
1783977678592 3.6094722747802734 161
1783977678602 3.668987989425659 162
1783977678612 3.790454864501953 163
1783977678620 3.552293539047241 164
1783977678629 3.5514700412750244 165
1783977678640 3.7168142795562744 166
1783977678650 3.5558829307556152 167
1783977678658 3.460965394973755 168
1783977678668 3.6998796463012695 169
1783977678680 3.69472074508667 170
1783977678691 3.547410249710083 171
1783977678702 3.586358070373535 172
1783977678712 3.689058303833008 173
1783977678721 3.563804864883423 174
1783977678733 3.7796688079833984 175
1783977678745 3.817774772644043 176
1783977678758 3.3831100463867188 177
1783977678769 3.708064079284668 178
1783977678778 3.612368106842041 179
1783977678787 3.526254653930664 180
1783977678799 3.4703056812286377 181
1783977678810 3.5005154609680176 182
1783977678820 3.513502359390259 183
1783977678831 3.3917927742004395 184
1783977678843 3.5161211490631104 185
1783977678862 3.4036357402801514 186
1783977678871 3.5450754165649414 187
1783977678884 3.48574161529541 188
1783977678895 3.5088696479797363 189
1783977678904 3.6240627765655518 190
1783977678915 3.539395570755005 191
1783977678925 3.532905101776123 192
1783977678934 3.640315294265747 193
1783977678947 3.635136842727661 194
1783977678957 3.697042942047119 195
1783977678969 3.415602684020996 196
1783977678981 3.4823107719421387 197
1783977678990 3.4536080360412598 198
1783977679001 3.4279162883758545 199
1783977679011 3.535355567932129 200
1783977679019 3.4198169708251953 201
1783977679031 3.647629737854004 202
1783977679040 3.541564464569092 203
1783977679051 3.4012885093688965 204
1783977679061 3.582759141921997 205
1783977679071 3.484537124633789 206
1783977679079 3.2771880626678467 207
1783977679091 3.45163631439209 208
1783977679102 3.609907627105713 209
1783977679112 3.542691946029663 210
1783977679123 3.3032636642456055 211
1783977679134 3.4860916137695312 212
1783977679142 3.3137142658233643 213
1783977679154 3.568864107131958 214
1783977679164 3.520902395248413 215
1783977679173 3.540431261062622 216
1783977679188 3.376472234725952 217
1783977679200 3.526878833770752 218
1783977679211 3.5489275455474854 219
1783977679219 3.389908790588379 220
1783977679232 3.4634931087493896 221
1783977679242 3.220421552658081 222
1783977679254 3.2459263801574707 223
1783977679268 3.4445598125457764 224
1783977679279 3.5112621784210205 225
1783977679288 3.5054378509521484 226
1783977679300 3.446570634841919 227
1783977679312 3.3208487033843994 228
1783977679321 3.518909454345703 229
1783977679331 3.3537607192993164 230
1783977679340 3.335399627685547 231
1783977679353 3.335244655609131 232
1783977679365 3.2939224243164062 233
1783977679373 3.401099443435669 234
1783977679383 3.6600208282470703 235
1783977679390 3.2882485389709473 236
1783977679399 3.3236653804779053 237
1783977679408 3.325762987136841 238
1783977679417 3.5261282920837402 239
1783977679425 3.5164310932159424 240
1783977679435 3.4299278259277344 241
1783977679444 3.4258227348327637 242
1783977679452 3.6367099285125732 243
1783977679463 3.2391200065612793 244
1783977679473 3.221752882003784 245
1783977679483 3.5251009464263916 246
1783977679493 3.2907001972198486 247
1783977679854 3.211820125579834 248
1783977679864 3.3907015323638916 249
1783977679873 3.427990436553955 250
1783977679884 3.220235586166382 251
1783977679896 3.503384828567505 252
1783977679905 3.446432590484619 253
1783977679914 3.216555118560791 254
1783977679922 3.205399990081787 255
1783977679932 3.2921040058135986 256
1783977679944 3.5046002864837646 257
1783977679953 3.328709602355957 258
1783977679961 3.374143123626709 259
1783977679972 3.226262092590332 260
1783977679981 3.510669469833374 261
1783977679991 3.1853291988372803 262
1783977680001 3.008866548538208 263
1783977680009 3.268019199371338 264
1783977680018 3.4214582443237305 265
1783977680027 3.358203411102295 266
1783977680039 3.351686954498291 267
1783977680054 3.4703173637390137 268
1783977680066 3.140806198120117 269
1783977680075 3.3733043670654297 270
1783977680084 3.3244357109069824 271
1783977680095 3.6000304222106934 272
1783977680103 3.36635160446167 273
1783977680114 3.3115901947021484 274
1783977680123 3.226069450378418 275
1783977680134 3.1968770027160645 276
1783977680143 3.237017869949341 277
1783977680154 3.0962557792663574 278
1783977680164 3.4277005195617676 279
1783977680171 3.149343967437744 280
1783977680181 3.3183579444885254 281
1783977680193 3.2294774055480957 282
1783977680200 3.3404746055603027 283
1783977680208 3.333573579788208 284
1783977680216 3.4225878715515137 285
1783977680225 3.366694450378418 286
1783977680236 3.306382894515991 287
1783977680244 3.3738322257995605 288
1783977680252 3.1061136722564697 289
1783977680265 3.3693315982818604 290
1783977680275 3.2759339809417725 291
1783977680282 3.1785688400268555 292
1783977680292 3.3830406665802 293
1783977680304 3.4938275814056396 294
1783977680315 3.3143224716186523 295
1783977680325 3.315721273422241 296
1783977680335 3.034420967102051 297
1783977680348 3.4075145721435547 298
1783977680359 3.0072975158691406 299
1783977680368 3.2024121284484863 300
1783977680380 3.256657361984253 301
1783977680389 3.2812516689300537 302
1783977680398 3.192913055419922 303
1783977680407 3.099151134490967 304
1783977680415 3.297672748565674 305
1783977680425 3.3482065200805664 306
1783977680434 3.150622844696045 307
1783977680443 3.3886287212371826 308
1783977680453 3.502664089202881 309
1783977680464 3.3334171772003174 310
1783977680474 3.092817544937134 311
1783977680482 3.085099220275879 312
1783977680493 3.45942759513855 313
1783977680503 3.4440150260925293 314
1783977680513 3.3868930339813232 315
1783977680520 3.202651262283325 316
1783977680531 3.122708559036255 317
1783977680542 3.1577329635620117 318
1783977680553 3.226092576980591 319
1783977680563 3.2403769493103027 320
1783977680574 3.0444393157958984 321
1783977680582 3.2308669090270996 322
1783977680593 3.3033607006073 323
1783977680606 3.2494258880615234 324
1783977680613 3.2666985988616943 325
1783977680621 2.999284267425537 326
1783977680633 3.274174690246582 327
1783977680641 3.2600789070129395 328
1783977680650 3.1837427616119385 329
1783977680658 3.2162797451019287 330
1783977680667 3.2166855335235596 331
1783977680675 3.200061798095703 332
1783977680683 3.2430663108825684 333
1783977680691 3.332298994064331 334
1783977680705 3.3191566467285156 335
1783977680713 3.2082016468048096 336
1783977680720 3.099804401397705 337
1783977680733 3.492856979370117 338
1783977680740 3.24515700340271 339
1783977680748 3.3104407787323 340
1783977680755 3.0929996967315674 341
1783977680764 3.0759010314941406 342
1783977680772 3.1592254638671875 343
1783977680782 3.0551819801330566 344
1783977680791 3.1731936931610107 345
1783977680802 3.0741307735443115 346
1783977680813 2.9924428462982178 347
1783977680824 3.180842161178589 348
1783977680834 3.395451784133911 349
1783977680844 3.071280002593994 350
1783977680856 3.3246588706970215 351
1783977680867 3.1965370178222656 352
1783977680876 3.217318058013916 353
1783977680886 3.2886462211608887 354
1783977680897 3.119000196456909 355
1783977680907 3.2244362831115723 356
1783977680917 2.9647226333618164 357
1783977680925 3.2728896141052246 358
1783977680933 3.233898878097534 359
1783977680942 3.228006601333618 360
1783977680950 3.362771511077881 361
1783977680959 3.3313632011413574 362
1783977680969 3.2464656829833984 363
1783977680978 3.024916410446167 364
1783977680986 3.2932276725769043 365
1783977680997 3.1195173263549805 366
1783977681005 3.0823819637298584 367
1783977681012 3.176466226577759 368
1783977681020 3.220285654067993 369
1783977681030 3.0814552307128906 370
1783977681039 3.0599446296691895 371
