1783976094486 0.6931846737861633 0
1783976094494 0.6931509375572205 1
1783976094505 0.6930766105651855 2
1783976094515 0.6930617690086365 3
1783976094525 0.6930325627326965 4
1783976094535 0.6930404305458069 5
1783976094545 0.6928927302360535 6
1783976094557 0.692661702632904 7
1783976094565 0.6926463842391968 8
1783976094571 0.6925817131996155 9
1783976094580 0.6925120949745178 10
1783976094587 0.6923184990882874 11
1783976094595 0.6916484832763672 12
1783976094604 0.6921443939208984 13
1783976094615 0.6913452744483948 14
1783976094624 0.6917591094970703 15
1783976094634 0.6906414031982422 16
1783976094645 0.6907498240470886 17
1783976094661 0.6897507309913635 18
1783976094671 0.6899404525756836 19
1783976094684 0.6885209083557129 20
1783976094693 0.6875635981559753 21
1783976094705 0.6889046430587769 22
1783976094717 0.6872113943099976 23
1783976094727 0.6856799721717834 24
1783976094738 0.6861876845359802 25
1783976094747 0.6836501359939575 26
1783976094757 0.6869471669197083 27
1783976094767 0.6851412057876587 28
1783976094776 0.6824334859848022 29
1783976094787 0.6827616095542908 30
1783976094799 0.6815500855445862 31
1783976094808 0.6772652864456177 32
1783976094820 0.6772890090942383 33
1783976094830 0.6788786053657532 34
1783976094843 0.6788564324378967 35
1783976094855 0.677650511264801 36
1783976094865 0.6677688956260681 37
1783976094872 0.6724278330802917 38
1783976094883 0.6696738004684448 39
1783976094894 0.6668691039085388 40
1783976094902 0.6656327247619629 41
1783976094910 0.6667076945304871 42
1783976094921 0.6705489158630371 43
1783976094933 0.6645569205284119 44
1783976094942 0.6679914593696594 45
1783976094952 0.6610593795776367 46
1783976094961 0.6660462617874146 47
1783976094969 0.6580162048339844 48
1783976094975 0.6501110196113586 49
1783976094984 0.6557580232620239 50
1783976094994 0.6500101685523987 51
1783976095003 0.6291722655296326 52
1783976095013 0.6538951992988586 53
1783976095020 0.6566242575645447 54
1783976095027 0.6265659928321838 55
1783976095035 0.648443877696991 56
1783976095042 0.6385728716850281 57
1783976095051 0.6331885457038879 58
1783976095058 0.628147542476654 59
1783976095064 0.6299134492874146 60
1783976095071 0.6253312826156616 61
1783976095080 0.6357951760292053 62
1783976095087 0.6256662607192993 63
1783976095096 0.642440140247345 64
1783976095105 0.6173729300498962 65
1783976095115 0.636326789855957 66
1783976095121 0.6127068400382996 67
1783976095133 0.6209172010421753 68
1783976095142 0.6083737015724182 69
1783976095151 0.6348605751991272 70
1783976095164 0.6228713393211365 71
1783976095174 0.6076973676681519 72
1783976095185 0.6361552476882935 73
1783976095192 0.6332854628562927 74
1783976095202 0.5842307806015015 75
1783976095212 0.6095758080482483 76
1783976095222 0.5853292346000671 77
1783976095231 0.5995694994926453 78
1783976095242 0.6031466722488403 79
1783976095253 0.6000255942344666 80
1783976095261 0.6131728291511536 81
1783976095269 0.590952455997467 82
1783976095277 0.6065340638160706 83
1783976095285 0.6046796441078186 84
1783976095292 0.6107341647148132 85
1783976095300 0.5943750143051147 86
1783976095306 0.574183464050293 87
1783976095315 0.5880126953125 88
1783976095326 0.595335066318512 89
1783976095334 0.5946721434593201 90
1783976095341 0.6069833040237427 91
1783976095351 0.5901414752006531 92
1783976095358 0.5995593667030334 93
1783976095365 0.5829596519470215 94
1783976095372 0.5857886672019958 95
1783976095382 0.5938677787780762 96
1783976095391 0.5842365622520447 97
1783976095402 0.5632355809211731 98
1783976095412 0.5597842931747437 99
1783976095422 0.5797297358512878 100
1783976095434 0.5701692700386047 101
1783976095441 0.5798774361610413 102
1783976095451 0.5731802582740784 103
1783976095459 0.56182861328125 104
1783976095468 0.5955834984779358 105
1783976095478 0.5617238879203796 106
1783976095487 0.5704188346862793 107
1783976095496 0.5620244741439819 108
1783976095505 0.5706175565719604 109
1783976095517 0.5583559274673462 110
1783976095525 0.5517355799674988 111
1783976095536 0.5630497336387634 112
1783976095543 0.5484579801559448 113
1783976095551 0.5454548001289368 114
1783976095558 0.5645554661750793 115
1783976095565 0.5454975962638855 116
1783976095573 0.5859349370002747 117
1783976095581 0.5618518590927124 118
1783976095588 0.5495597720146179 119
1783976095597 0.5416522026062012 120
1783976095607 0.5761378407478333 121
1783976095617 0.5548610687255859 122
1783976095624 0.5436182022094727 123
1783976095959 0.5543413162231445 124
1783976095970 0.551906943321228 125
1783976095978 0.5354145765304565 126
1783976095989 0.5430784821510315 127
1783976096001 0.533464252948761 128
1783976096010 0.5338465571403503 129
1783976096021 0.5332694053649902 130
1783976096030 0.5576314926147461 131
1783976096041 0.563380777835846 132
1783976096049 0.5598569512367249 133
1783976096059 0.5390626192092896 134
1783976096068 0.5154418349266052 135
1783976096078 0.5092931985855103 136
1783976096089 0.5245293974876404 137
1783976096101 0.5302991271018982 138
1783976096110 0.530917227268219 139
1783976096119 0.5333120226860046 140
1783976096126 0.5447693467140198 141
1783976096135 0.5148648619651794 142
1783976096142 0.5241351127624512 143
1783976096148 0.5605684518814087 144
1783976096158 0.5444138050079346 145
1783976096166 0.5227858424186707 146
1783976096173 0.5327441096305847 147
1783976096182 0.5232176184654236 148
1783976096196 0.5261098742485046 149
1783976096207 0.5021906495094299 150
1783976096219 0.5209101438522339 151
1783976096229 0.5560159087181091 152
1783976096236 0.5105841755867004 153
1783976096244 0.5344766974449158 154
1783976096254 0.5551763772964478 155
1783976096266 0.5010422468185425 156
1783976096277 0.5315573811531067 157
1783976096289 0.49396055936813354 158
1783976096301 0.5350419878959656 159
1783976096311 0.5059911012649536 160
1783976096323 0.5155928730964661 161
1783976096332 0.5241591930389404 162
1783976096341 0.5414751768112183 163
1783976096351 0.5074618458747864 164
1783976096361 0.5073441863059998 165
1783976096374 0.530914843082428 166
1783976096385 0.5079612135887146 167
1783976096392 0.4944181740283966 168
1783976096401 0.5285506844520569 169
1783976096407 0.5278024077415466 170
1783976096417 0.5067536234855652 171
1783976096426 0.512412428855896 172
1783976096436 0.5269730687141418 173
1783976096445 0.5091432929039001 174
1783976096452 0.539960503578186 175
1783976096462 0.5453964471817017 176
1783976096471 0.4833086431026459 177
1783976096479 0.5297064185142517 178
1783976096490 0.5160338282585144 179
1783976096502 0.503711462020874 180
1783976096514 0.4957468509674072 181
1783976096523 0.5000388026237488 182
1783976096534 0.5018743276596069 183
1783976096542 0.4844891428947449 184
1783976096549 0.5022763609886169 185
1783976096559 0.48623818159103394 186
1783976096569 0.5063849091529846 187
1783976096579 0.49790629744529724 188
1783976096588 0.5012747049331665 189
1783976096597 0.5176883935928345 190
1783976096605 0.5055658221244812 191
1783976096615 0.5046759247779846 192
1783976096624 0.5199906826019287 193
1783976096632 0.5192610621452332 194
1783976096639 0.5281429290771484 195
1783976096648 0.4879326820373535 196
1783976096656 0.49744850397109985 197
1783976096663 0.49336323142051697 198
1783976096673 0.4897063374519348 199
1783976096683 0.5050731301307678 200
1783976096690 0.48852649331092834 201
1783976096714 0.5210782885551453 202
1783976096723 0.5059048533439636 203
1783976096735 0.4858957827091217 204
1783976096746 0.5118204951286316 205
1783976096758 0.4976995587348938 206
1783976096768 0.4681612551212311 207
1783976096781 0.49314218759536743 208
1783976096790 0.5156887173652649 209
1783976096801 0.5060502290725708 210
1783976096810 0.47188249230384827 211
1783976096821 0.4979863166809082 212
1783976096833 0.4733259081840515 213
1783976096843 0.5097702145576477 214
1783976096853 0.5029588341712952 215
1783976096862 0.5057244896888733 216
1783976096872 0.48229876160621643 217
1783976096884 0.5038254857063293 218
1783976096895 0.5070173144340515 219
1783976096905 0.48430511355400085 220
1783976096913 0.49477940797805786 221
1783976096924 0.46003541350364685 222
1783976096933 0.46371427178382874 223
1783976096939 0.49213701486587524 224
1783976096948 0.5016060471534729 225
1783976096957 0.5007020831108093 226
1783976096969 0.4923385977745056 227
1783976096979 0.47435739636421204 228
1783976096988 0.502738893032074 229
1783976097001 0.47911563515663147 230
1783976097011 0.47648078203201294 231
1783976097023 0.47641721367836 232
1783976097032 0.47050660848617554 233
1783976097042 0.48586300015449524 234
1783976097050 0.5228146910667419 235
1783976097059 0.4697290360927582 236
1783976097072 0.4747776389122009 237
1783976097084 0.4751482307910919 238
1783976097093 0.5036910176277161 239
1783976097102 0.5023341774940491 240
1783976097112 0.48996400833129883 241
1783976097120 0.4893927276134491 242
1783976097131 0.5194602608680725 243
1783976097139 0.4627396762371063 244
1783976097149 0.4602111876010895 245
1783976097158 0.5035942792892456 246
1783976097167 0.4701354503631592 247
1783976097465 0.45880794525146484 248
1783976097472 0.48437929153442383 249
1783976097482 0.48968690633773804 250
1783976097492 0.45999446511268616 251
1783976097503 0.5004857182502747 252
1783976097515 0.49237996339797974 253
1783976097524 0.45952922105789185 254
1783976097533 0.45793232321739197 255
1783976097542 0.4702050983905792 256
1783976097549 0.500674307346344 257
1783976097559 0.475526362657547 258
1783976097569 0.4820508062839508 259
1783976097578 0.46085357666015625 260
1783976097588 0.5014858841896057 261
1783976097596 0.4550769627094269 262
1783976097607 0.4297957122325897 263
1783976097615 0.4668419063091278 264
1783976097623 0.4888087213039398 265
1783976097631 0.479818195104599 266
1783976097638 0.4788040220737457 267
1783976097645 0.49580833315849304 268
1783976097651 0.44865289330482483 269
1783976097660 0.4819241166114807 270
1783976097671 0.47495773434638977 271
1783976097678 0.5142849683761597 272
1783976097686 0.48087209463119507 273
1783976097694 0.4730469286441803 274
1783976097701 0.4608507752418518 275
1783976097709 0.4566933214664459 276
1783976097719 0.4623977541923523 277
1783976097733 0.44228944182395935 278
1783976097744 0.4896072745323181 279
1783976097754 0.449918270111084 280
1783976097768 0.47403350472450256 281
1783976097781 0.4613106846809387 282
1783976097797 0.4772217571735382 283
1783976097809 0.47627168893814087 284
1783976097822 0.4889122545719147 285
1783976097835 0.4809171259403229 286
1783976097845 0.472260981798172 287
1783976097854 0.4819345474243164 288
1783976097863 0.44371142983436584 289
1783976097871 0.4813457131385803 290
1783976097882 0.4679989814758301 291
1783976097889 0.45407435297966003 292
1783976097899 0.48332613706588745 293
1783976097909 0.4990348815917969 294
1783976097919 0.47345128655433655 295
1783976097928 0.47369399666786194 296
1783976097937 0.43352290987968445 297
1783976097945 0.4867343008518219 298
1783976097952 0.42962077260017395 299
1783976097960 0.4574705958366394 300
1783976097968 0.46524736285209656 301
1783976097976 0.468789279460907 302
1783976097986 0.4561230540275574 303
1783976097993 0.44271889328956604 304
1783976098003 0.4710593819618225 305
1783976098011 0.47832298278808594 306
1783976098020 0.45013540983200073 307
1783976098028 0.4840559959411621 308
1783976098037 0.500353991985321 309
1783976098045 0.4762027859687805 310
1783976098054 0.44184330105781555 311
1783976098065 0.44069573283195496 312
1783976098074 0.4942294657230377 313
1783976098084 0.49197664856910706 314
1783976098094 0.48383450508117676 315
1783976098105 0.45750290155410767 316
1783976098116 0.44610878825187683 317
1783976098125 0.45108485221862793 318
1783976098136 0.46088555455207825 319
1783976098143 0.46293941140174866 320
1783976098150 0.4348551630973816 321
1783976098156 0.4615424573421478 322
1783976098166 0.4719068706035614 323
1783976098175 0.464150607585907 324
1783976098184 0.46672967076301575 325
1783976098194 0.42841359972953796 326
1783976098204 0.4677513539791107 327
1783976098216 0.4657086730003357 328
1783976098225 0.454821914434433 329
1783976098237 0.45948320627212524 330
1783976098249 0.4595169723033905 331
1783976098260 0.4571678638458252 332
1783976098273 0.4633023738861084 333
1783976098285 0.4760430157184601 334
1783976098297 0.4741549491882324 335
1783976098309 0.45829108357429504 336
1783976098320 0.44279852509498596 337
1783976098331 0.4989258944988251 338
1783976098340 0.463588684797287 339
1783976098348 0.4729113280773163 340
1783976098355 0.4418560564517975 341
1783976098365 0.43936261534690857 342
1783976098372 0.45129814743995667 343
1783976098384 0.4364946484565735 344
1783976098394 0.45336341857910156 345
1783976098405 0.4391503632068634 346
1783976098415 0.42742177844047546 347
1783976098422 0.45437222719192505 348
1783976098432 0.48502275347709656 349
1783976098439 0.43871137499809265 350
1783976098446 0.4749371409416199 351
1783976098454 0.4566579759120941 352
1783976098460 0.45958706736564636 353
1783976098469 0.46980413794517517 354
1783976098477 0.44558385014533997 355
1783976098485 0.46061763167381287 356
1783976098493 0.42351076006889343 357
1783976098503 0.4675757586956024 358
1783976098514 0.46200206875801086 359
1783976098525 0.4611603915691376 360
1783976098537 0.48037126660346985 361
1783976098549 0.47594720125198364 362
1783976098559 0.4637107849121094 363
1783976098570 0.43208035826683044 364
1783976098584 0.4704727530479431 365
1783976098595 0.44565722346305847 366
1783976098607 0.440363347530365 367
1783976098617 0.4538281261920929 368
1783976098627 0.4600086212158203 369
1783976098638 0.4401841163635254 370
1783976098645 0.43712276220321655 371
