1783976456169 0.6931601166725159 0
1783976456180 0.6931443214416504 1
1783976456191 0.6931059956550598 2
1783976456200 0.6930807828903198 3
1783976456208 0.6930211782455444 4
1783976456217 0.6929769515991211 5
1783976456225 0.6928710341453552 6
1783976456235 0.6927385330200195 7
1783976456243 0.6925288438796997 8
1783976456253 0.6926202774047852 9
1783976456260 0.6924118995666504 10
1783976456270 0.6917324662208557 11
1783976456277 0.6919437050819397 12
1783976456288 0.6918478608131409 13
1783976456297 0.6911944150924683 14
1783976456307 0.6913800239562988 15
1783976456316 0.6908308267593384 16
1783976456327 0.6898553967475891 17
1783976456336 0.6903205513954163 18
1783976456348 0.6902390718460083 19
1783976456360 0.6883491277694702 20
1783976456369 0.6887200474739075 21
1783976456379 0.6870870590209961 22
1783976456389 0.6865066885948181 23
1783976456400 0.6870032548904419 24
1783976456412 0.6861148476600647 25
1783976456421 0.6859156489372253 26
1783976456431 0.6827122569084167 27
1783976456441 0.6838480234146118 28
1783976456450 0.6811954379081726 29
1783976456462 0.6813424229621887 30
1783976456471 0.6799408793449402 31
1783976456481 0.6783522963523865 32
1783976456491 0.6766387224197388 33
1783976456501 0.6780756115913391 34
1783976456512 0.6742587089538574 35
1783976456524 0.6729004979133606 36
1783976456533 0.6690484285354614 37
1783976456542 0.6719794869422913 38
1783976456552 0.6684548258781433 39
1783976456562 0.671223521232605 40
1783976456570 0.660572350025177 41
1783976456579 0.6656023859977722 42
1783976456588 0.6611682772636414 43
1783976456598 0.6620548963546753 44
1783976456607 0.6587527990341187 45
1783976456614 0.6581265330314636 46
1783976456622 0.6581568717956543 47
1783976456633 0.6503584980964661 48
1783976456642 0.658733069896698 49
1783976456649 0.6509283781051636 50
1783976456658 0.644773542881012 51
1783976456667 0.6383141279220581 52
1783976456679 0.6387795805931091 53
1783976456688 0.6269035935401917 54
1783976456698 0.6357995271682739 55
1783976456706 0.64275062084198 56
1783976456714 0.640447199344635 57
1783976456723 0.6393585801124573 58
1783976456733 0.643090546131134 59
1783976456743 0.6292687058448792 60
1783976456750 0.6151667237281799 61
1783976456760 0.6240919232368469 62
1783976456770 0.6332778334617615 63
1783976456779 0.6298753023147583 64
1783976456788 0.634217381477356 65
1783976456797 0.6197931170463562 66
1783976456806 0.6270735859870911 67
1783976456817 0.5985148549079895 68
1783976456828 0.6038132905960083 69
1783976456838 0.6273158192634583 70
1783976456851 0.6139191389083862 71
1783976456862 0.607418417930603 72
1783976456872 0.5935252904891968 73
1783976456880 0.593115508556366 74
1783976456889 0.6045290231704712 75
1783976456898 0.6106395721435547 76
1783976456908 0.6011636853218079 77
1783976456917 0.5982052683830261 78
1783976456927 0.6271819472312927 79
1783976456935 0.5970602631568909 80
1783976456944 0.5862794518470764 81
1783976456955 0.584091067314148 82
1783976456963 0.5975205302238464 83
1783976456971 0.610781192779541 84
1783976456978 0.5901708602905273 85
1783976456984 0.5955154299736023 86
1783976456993 0.607221245765686 87
1783976457002 0.5839645266532898 88
1783976457010 0.6015440821647644 89
1783976457019 0.5915743708610535 90
1783976457027 0.5884899497032166 91
1783976457033 0.6054347157478333 92
1783976457044 0.5910309553146362 93
1783976457053 0.6036857962608337 94
1783976457063 0.5837717056274414 95
1783976457071 0.5784345269203186 96
1783976457080 0.6085824966430664 97
1783976457090 0.5687599182128906 98
1783976457098 0.5721596479415894 99
1783976457106 0.5947088599205017 100
1783976457117 0.5514723062515259 101
1783976457128 0.5633430480957031 102
1783976457136 0.5747126340866089 103
1783976457146 0.5727031826972961 104
1783976457155 0.584111750125885 105
1783976457164 0.5748763680458069 106
1783976457174 0.5793611407279968 107
1783976457184 0.555174708366394 108
1783976457198 0.5676602125167847 109
1783976457207 0.5473452806472778 110
1783976457216 0.5669301748275757 111
1783976457223 0.5529559254646301 112
1783976457231 0.5510141253471375 113
1783976457239 0.5653486847877502 114
1783976457245 0.5641573071479797 115
1783976457255 0.5475392937660217 116
1783976457264 0.572002112865448 117
1783976457271 0.5472104549407959 118
1783976457280 0.560441792011261 119
1783976457290 0.5471998453140259 120
1783976457300 0.5661219954490662 121
1783976457310 0.5544159412384033 122
1783976457317 0.5392031669616699 123
1783976457638 0.5333601832389832 124
1783976457651 0.5460754632949829 125
1783976457661 0.5552517771720886 126
1783976457670 0.5607756972312927 127
1783976457678 0.5292233824729919 128
1783976457687 0.5626494884490967 129
1783976457698 0.5441163778305054 130
1783976457711 0.5687479376792908 131
1783976457721 0.5459946393966675 132
1783976457731 0.5450809597969055 133
1783976457743 0.5507696270942688 134
1783976457753 0.5418339371681213 135
1783976457764 0.5299091935157776 136
1783976457777 0.5538361668586731 137
1783976457789 0.5451951622962952 138
1783976457802 0.5337693095207214 139
1783976457815 0.5461715459823608 140
1783976457829 0.5461165904998779 141
1783976457839 0.5599807500839233 142
1783976457849 0.5263786911964417 143
1783976457857 0.55623859167099 144
1783976457864 0.5394259095191956 145
1783976457874 0.5337079763412476 146
1783976457880 0.5130723118782043 147
1783976457888 0.5275325775146484 148
1783976457898 0.5205990076065063 149
1783976457906 0.5278877019882202 150
1783976457916 0.5189407467842102 151
1783976457925 0.5477991700172424 152
1783976457934 0.5232337117195129 153
1783976457944 0.5435355305671692 154
1783976457953 0.5271643400192261 155
1783976457964 0.5299539566040039 156
1783976457973 0.5224688649177551 157
1783976457982 0.5361405611038208 158
1783976457992 0.5294543504714966 159
1783976458001 0.5195742249488831 160
1783976458011 0.5370992422103882 161
1783976458019 0.5002009272575378 162
1783976458027 0.5390896797180176 163
1783976458034 0.5326539874076843 164
1783976458044 0.5193119645118713 165
1783976458053 0.495058536529541 166
1783976458061 0.5299760103225708 167
1783976458067 0.5350416302680969 168
1783976458077 0.5280284285545349 169
1783976458084 0.5080115795135498 170
1783976458093 0.5087010264396667 171
1783976458099 0.5173119306564331 172
1783976458110 0.5203803777694702 173
1783976458116 0.4925663471221924 174
1783976458124 0.5067423582077026 175
1783976458131 0.5277642607688904 176
1783976458141 0.530981183052063 177
1783976458150 0.5332292914390564 178
1783976458160 0.5219323039054871 179
1783976458169 0.5046465396881104 180
1783976458178 0.5281657576560974 181
1783976458188 0.4858317971229553 182
1783976458198 0.4900822937488556 183
1783976458208 0.5226057171821594 184
1783976458220 0.48548826575279236 185
1783976458233 0.49391183257102966 186
1783976458244 0.5246297717094421 187
1783976458255 0.48526039719581604 188
1783976458265 0.527569591999054 189
1783976458273 0.5282524824142456 190
1783976458280 0.5226529240608215 191
1783976458287 0.5000857710838318 192
1783976458294 0.4863983690738678 193
1783976458304 0.4838365912437439 194
1783976458313 0.5027748346328735 195
1783976458320 0.49675485491752625 196
1783976458328 0.49915140867233276 197
1783976458335 0.5253279805183411 198
1783976458345 0.5066560506820679 199
1783976458354 0.48490363359451294 200
1783976458364 0.49727684259414673 201
1783976458373 0.5168214440345764 202
1783976458380 0.5027197003364563 203
1783976458396 0.4902331829071045 204
1783976458404 0.5001704692840576 205
1783976458414 0.49778053164482117 206
1783976458424 0.4929218888282776 207
1783976458434 0.48883357644081116 208
1783976458444 0.493704617023468 209
1783976458454 0.4964659810066223 210
1783976458463 0.507073700428009 211
1783976458471 0.5201908349990845 212
1783976458484 0.5072877407073975 213
1783976458496 0.49924203753471375 214
1783976458508 0.489931583404541 215
1783976458520 0.4891785979270935 216
1783976458533 0.4825133979320526 217
1783976458544 0.5024043917655945 218
1783976458554 0.48398786783218384 219
1783976458564 0.4703593850135803 220
1783976458575 0.45956951379776 221
1783976458586 0.472200483083725 222
1783976458598 0.5164995789527893 223
1783976458609 0.48483172059059143 224
1783976458621 0.5062584280967712 225
1783976458631 0.464633047580719 226
1783976458641 0.4704154431819916 227
1783976458653 0.47180137038230896 228
1783976458665 0.49134212732315063 229
1783976458677 0.49307873845100403 230
1783976458688 0.4696972072124481 231
1783976458702 0.4743322730064392 232
1783976458715 0.4517173767089844 233
1783976458732 0.5028904676437378 234
1783976458745 0.46725037693977356 235
1783976458756 0.48946458101272583 236
1783976458766 0.48742252588272095 237
1783976458777 0.4999053478240967 238
1783976458786 0.4459610879421234 239
1783976458795 0.4810261130332947 240
1783976458805 0.4894181787967682 241
1783976458816 0.5064729452133179 242
1783976458827 0.46480631828308105 243
1783976458838 0.49674245715141296 244
1783976458850 0.5292770266532898 245
1783976458861 0.49380606412887573 246
1783976458870 0.4596061408519745 247
1783976459180 0.4704454243183136 248
1783976459190 0.4447687268257141 249
1783976459200 0.49266740679740906 250
1783976459210 0.473447322845459 251
1783976459217 0.4579256474971771 252
1783976459229 0.46190008521080017 253
1783976459238 0.4964286983013153 254
1783976459252 0.45181378722190857 255
1783976459262 0.4836386740207672 256
1783976459272 0.4613443911075592 257
1783976459281 0.5064321160316467 258
1783976459292 0.4723205864429474 259
1783976459298 0.48968344926834106 260
1783976459309 0.4672159254550934 261
1783976459315 0.47336676716804504 262
1783976459324 0.46241217851638794 263
1783976459333 0.47992420196533203 264
1783976459343 0.4744186997413635 265
1783976459350 0.47965207695961 266
1783976459360 0.4583759903907776 267
1783976459366 0.5067135095596313 268
1783976459373 0.48071327805519104 269
1783976459379 0.49690815806388855 270
1783976459389 0.478310763835907 271
1783976459396 0.46267175674438477 272
1783976459404 0.48924192786216736 273
1783976459413 0.4851694703102112 274
1783976459421 0.46841153502464294 275
1783976459432 0.4913165867328644 276
1783976459441 0.47503989934921265 277
1783976459451 0.4822918474674225 278
1783976459462 0.5215725302696228 279
1783976459472 0.4780007302761078 280
1783976459479 0.5053531527519226 281
1783976459486 0.47994378209114075 282
1783976459495 0.48728838562965393 283
1783976459503 0.46343091130256653 284
1783976459514 0.4744137227535248 285
1783976459524 0.445157527923584 286
1783976459534 0.47823062539100647 287
1783976459544 0.4634762108325958 288
1783976459554 0.49442681670188904 289
1783976459563 0.4464496970176697 290
1783976459572 0.4642932713031769 291
1783976459581 0.48354288935661316 292
1783976459589 0.4791381359100342 293
1783976459597 0.49524807929992676 294
1783976459605 0.45883068442344666 295
1783976459614 0.4785221517086029 296
1783976459625 0.4386081397533417 297
1783976459632 0.4850148558616638 298
1783976459642 0.4518422782421112 299
1783976459651 0.467852920293808 300
1783976459660 0.47893524169921875 301
1783976459668 0.46675124764442444 302
1783976459675 0.4920281767845154 303
1783976459683 0.47065502405166626 304
1783976459691 0.4730498790740967 305
1783976459701 0.47356805205345154 306
1783976459711 0.4709899425506592 307
1783976459720 0.4511280953884125 308
1783976459731 0.4784024655818939 309
1783976459740 0.45488831400871277 310
1783976459747 0.4720398783683777 311
1783976459758 0.44960588216781616 312
1783976459771 0.4491138756275177 313
1783976459780 0.43272680044174194 314
1783976459791 0.47301578521728516 315
1783976459799 0.4854080080986023 316
1783976459810 0.4775572121143341 317
1783976459818 0.4758566915988922 318
1783976459828 0.46270957589149475 319
1783976459835 0.4709955155849457 320
1783976459844 0.471712201833725 321
1783976459850 0.4513954520225525 322
1783976459857 0.4755989909172058 323
1783976459864 0.4847542345523834 324
1783976459872 0.46008750796318054 325
1783976459880 0.46609994769096375 326
1783976459891 0.48265793919563293 327
1783976459897 0.4690249264240265 328
1783976459907 0.46129706501960754 329
1783976459914 0.46819448471069336 330
1783976459924 0.49750635027885437 331
1783976459933 0.45807746052742004 332
1783976459943 0.4609089493751526 333
1783976459950 0.4734807014465332 334
1783976459961 0.45855873823165894 335
1783976459970 0.45248502492904663 336
1783976459980 0.4377598166465759 337
1783976459988 0.47334274649620056 338
1783976459998 0.49582749605178833 339
1783976460011 0.4762327969074249 340
1783976460021 0.5032731890678406 341
1783976460030 0.4361688792705536 342
1783976460038 0.4792484641075134 343
1783976460046 0.4774322509765625 344
1783976460055 0.4463168680667877 345
1783976460063 0.476970911026001 346
1783976460073 0.454990953207016 347
1783976460082 0.45159047842025757 348
1783976460091 0.4786147177219391 349
1783976460099 0.43617144227027893 350
1783976460107 0.45538511872291565 351
1783976460116 0.48347464203834534 352
1783976460125 0.4765162169933319 353
1783976460131 0.47084376215934753 354
1783976460140 0.4724061191082001 355
1783976460151 0.45987585186958313 356
1783976460161 0.48340514302253723 357
1783976460168 0.44620057940483093 358
1783976460175 0.42091819643974304 359
1783976460182 0.45316627621650696 360
1783976460191 0.474130243062973 361
1783976460201 0.47721999883651733 362
1783976460210 0.496513307094574 363
1783976460217 0.4729478061199188 364
1783976460227 0.4271741211414337 365
1783976460237 0.44853323698043823 366
1783976460246 0.45064061880111694 367
1783976460255 0.475083589553833 368
1783976460262 0.4528951048851013 369
1783976460272 0.4322463572025299 370
1783976460288 0.4621579945087433 371
